PPVC File: PPVC 14_Typ
View : Elevation A
Dimension
12250318,12250330,12259211,12259298,12259306,12267640,12314483,12389612,12436131,12436368,12436375
Text
12267565,12267576,12287428


PPVC File: PPVC 14_Typ
View : Elevation B
Dimension
12262052,12262064,12263417,12263424,12263546,12263577,12263639,12264349,12285774,12323655,12342566,12373318,12373542,12373939,12373964,12374001,12374045,12374365,12426922
Text
12264343,12264395,12374251,12376143,12387295


PPVC File: PPVC 14_Typ
View : Elevation C
Dimension
12259834,12260675,12260687,12260699,12260741,12260896,12268393,12268489,12316809,12338233,12356353,12380448,12380489,12380501,12389490,12409381,12435995,12436014
Text
12260920,12280886,12296064


PPVC File: PPVC 14_Typ
View : Elevation D
Dimension
12264922,12272778,12273270,12274496,12301277,12301477,12309925,12312653,12312843,12335253,12335408,12340975,12341306,12351995,12372349,12372480,12372487,12376517,12376529,12377065,12388852,12416484,12418871,12418885,12436981,12436988,12437023,12445178,12445198
Text
12274640,12280556,12301470,12301476,12340843,12372709,12443956