PPVC File: PPVC 05,16 Typ
View : Elevation A

Dimension: 
11747986,11747998,11749787,11753847,11798274,11798344,11893032,11893108,11903022,11903070,11950497,12015550,12059656,12059800,12063231,12063569,12066771

Text: 
11751166,11752307,11813000,12047877,12066452



PPVC File: PPVC 05,16 Typ
View : Elevation B

Dimension: 
11752898,11752905,11753002,11753744,11798625,11834799,11835178,11835613,11884345,11909888,11922775,11926663

Text: 
11753928,11753944,11822753,11834790,11835202





PPVC File: PPVC 05,16 Typ
View : Elevation C

Dimension: 

11757521,11836993,11845578,11845610,11845634,11881407,11904787,11904806,11904838,11905410,11906350,11906573,11921282,11921457,11926527,11973780,11999910,11999933,12047680,12049873,12064050

Text: 
11758579,11758656,11769014,11769030,11845596,11845627,11845731,11847009,11847031,12046947





PPVC File: PPVC 05,16 Typ
View : Elevation D

Dimension: 
11760769,11760776,11764455,11765579,11842822,11842915,11847082,11886189,11894696,11910541,11911305,11911312,11911396,11922864,11963422,11979766,11979789,12004987,12006724,12014685,12015334,12051235,12051617

Text: 
11766041,11766047,11766106,11769050,11843227,11963394,12004833,12051248,12051683