PPVC File: PPVC 13_Typ
View : Elevation A
Dimension
12270661,12270743,12270755,12270853,12271487,12292134,12326477,12378925,12383522,12383529,12383536,12428196,12428235,12447224,12454462
Text
12341231,12372737

PPVC File: PPVC 13_Typ
View : Elevation B
Dimension
12275846,12275862,12275900,12276011,12276396,12278011,12278018,12311532,12311879,12323355,12336282,12336289,12336497,12378721,12378841,12378848,12425286,12425298,12445874,12445881
Text
12276720,12276728,12277653,12278764,12311574,12378858,12445934,12450626

PPVC File: PPVC 13_Typ
View : Elevation C
Dimension
12268548,12268564,12268578,12269808,12270101,12270114,12270221,12270228,12270270,12283468,12294060,12294196,12298024,12331116,12354850,12369251,12369377,12369819,12386382,12396340,12424204,12427913,12440441,12443016,12446766,12446812,12446869,12454484
Text
12269801,12269807,12270264,12280568,12370132,12430821

PPVC File: PPVC 13_Typ
View : Elevation D
Dimension
12271903,12272292,12272311,12275182,12302278,12302285,12323515,12323614,12323760,12324455,12325417,12336728,12337967,12339074,12356745,12368270,12385841,12408350,12443437
Text
12302160,12325573,12327914,12338598,12357102,12360724,12370545,12370590