PPVC File: PPVC 15_Typ
View : Elevation A
Dimension
11536375,11536391,11613517,11665169,11683702,11725099,11819336,11819765,11882199,11882222
Text
11545598,11690101,11776202


PPVC File: PPVC 15_Typ
View : Elevation B
Dimension
11540845,11540882,11541929,11542014,11697959,11698374,11701682,11722117,11733748,11759704,11770931,11778641,11778867,11795220,11795313,11809058,11820075,11872181,11874051
Text
11544121,11544320,11545704,11613796,11613799,11770969,11795328


PPVC File: PPVC 15_Typ
View : Elevation C
Dimension
11533538,11533562,11534083,11534848,11629160,11684582,11684635,11686905,11697603,11697675,11718853,11724494,11766525,11797682,11816800,11816807,11823458,11852328,11855068,11882540,11883630,11887278,11887285
Text
11534666,11534675,11775393,11775404,11776194,11794312,11886364


PPVC File: PPVC 15_Typ
View : Elevation D
Dimension
11653571,11668787,11688295,11688605,11688628,11692872,11698314,11720785,11727047,11727059,11751323,11761577,11761589,11779787,11799126,11810558,11810816,11817506,11834738,11835746,11852972,11852979,11877315,11877861,11877956,11877968
Text
11509645,11531680,11531706,11609111,11612219,11757816,11760731,11794844