PPVC File: PPVC 01, 20_Typ 
View : Elevation A 

Dimensions: 

1. 12364283
2. 12330652
3. 12330676
4. 12402417
5. 12417265
6. 12329941
7. 12330098
8. 12407259
9. 12330407
10. 12364290
11. 12329972
12. 12329789
13. 12329680
14. 12329667

Text: 
1. 12410998
2. 12354412
3. 12330615
4. 12330607
5. 12312381


PPVC File: PPVC 01, 20_Typ 
View : Elevation B 

Dimensions: 
1. 12332089
2. 12332103
3. 12350769
4. 12331869
5. 12331798
6. 12331731
7. 12296593
8. 12331885

Text: 
1. 12354479
2. 12331973
3. 12314803

PPVC File: PPVC 01, 20_Typ 
View : Elevation C 

Dimensions: 
1. 12331702
2. 12365496
3. 12406123
4. 12331435
5. 12331451
6. 12365670
7. 12331504
8. 12403466
9. 12417680
10. 12417801
11. 12330978
12. 12330998
13. 12400348
14. 12395405
15. 12331589
16. 12331554
17. 12400360
18. 12330909
19. 12365422
20. 12330874

Text: 
1. 12314802
2. 12314786
3. 12367157
4. 12395517
5. 12331651
6. 12410992
7. 12331531
8. 12331518

PPVC File: PPVC 01, 20_Typ 
View : Elevation D

Dimension: 
1. 12352816
2. 12352835
3. 12352847
4. 12332931
5. 12333092
6. 12332900
7. 12332877
8. 12414723
9. 12417984
10. 12418031
11. 12333305
12. 12333062
13. 12333001
14. 12333032

Text: 
1. 12312274
2. 12312254
3. 12312380
4. 12352328
5. 12352319
6. 12333351